1 0.728854 -0.214506 0.612563 0.218005 -0.29713 -1.50939 4.37777 1 IMG_6490.JPG
2 0.749541 -0.214412 0.590855 0.20762 -0.244517 -1.47326 4.29495 1 IMG_6491.JPG
3 0.77111 -0.213895 0.562571 0.207733 -0.215789 -1.5261 4.24334 1 IMG_6492.JPG
4 0.787768 -0.211585 0.541609 0.203257 -0.22868 -1.57317 4.22028 1 IMG_6493.JPG
5 0.811306 -0.209926 0.510663 0.192189 -0.250236 -1.60009 4.18371 1 IMG_6494.JPG
6 0.830407 -0.215796 0.479921 0.183116 -0.313227 -1.58444 4.17187 1 IMG_6495.JPG
7 0.863684 -0.21328 0.432443 0.146815 -0.673167 -1.6066 4.13812 1 IMG_6496.JPG
8 0.871753 -0.214646 0.419964 0.132684 -0.75537 -1.55312 4.0754 1 IMG_6497.JPG
9 0.877923 -0.208783 0.411227 0.128658 -0.784945 -1.62018 3.93906 1 IMG_6498.JPG
10 0.900172 -0.210219 0.366285 0.106457 -0.914801 -1.55028 3.81693 1 IMG_6499.JPG
11 0.911537 -0.214129 0.339264 0.0902723 -0.936367 -1.50794 3.82781 1 IMG_6500.JPG
12 0.922979 -0.222901 0.304161 0.0768836 -1.00096 -1.47531 3.95264 1 IMG_6501.JPG
13 0.934229 -0.216896 0.276496 0.0610176 -1.22016 -1.51988 3.71615 1 IMG_6502.JPG
14 0.934227 -0.207939 0.282317 0.0654105 -1.1884 -1.587 3.67764 1 IMG_6503.JPG
15 0.940576 -0.201135 0.269134 0.0492867 -1.09825 -1.57965 3.54853 1 IMG_6504.JPG
16 0.951232 -0.201183 0.230651 0.0385119 -1.09163 -1.56058 3.34562 1 IMG_6505.JPG
17 0.960147 -0.19809 0.195639 0.0245865 -1.10668 -1.57043 3.29602 1 IMG_6506.JPG
18 0.966932 -0.196372 0.162349 0.0111006 -1.11022 -1.56967 3.24989 1 IMG_6507.JPG
19 0.970846 -0.197334 0.136007 0.00433125 -1.01766 -1.59572 3.23595 1 IMG_6508.JPG
20 0.972572 -0.195258 0.126394 -0.001379 -0.922082 -1.65394 3.11903 1 IMG_6509.JPG
21 0.977935 -0.192751 0.0780489 -0.0199853 -0.985686 -1.60361 2.91891 1 IMG_6510.JPG
22 0.980736 -0.187355 0.0394161 -0.0387492 -0.99327 -1.5499 2.81023 1 IMG_6511.JPG
23 0.982342 -0.176009 0.0103337 -0.0625979 -1.08486 -1.44783 2.71656 1 IMG_6512.JPG
24 0.978503 -0.182561 -0.0428669 -0.0858285 -1.17421 -1.29196 2.86775 1 IMG_6513.JPG
25 0.98082 -0.151949 -0.070407 -0.099733 -1.27321 -1.30663 2.75701 1 IMG_6514.JPG
26 0.969416 -0.185296 -0.0929491 -0.131375 -1.24445 -1.32243 3.00087 1 IMG_6515.JPG
27 0.962258 -0.202155 -0.11879 -0.138138 -1.02734 -1.21774 3.08016 1 IMG_6516.JPG
28 0.957456 -0.179071 -0.15537 -0.164533 -0.968744 -1.30482 2.63706 1 IMG_6517.JPG
29 0.950747 -0.167367 -0.180858 -0.188041 -0.981182 -1.28321 2.40698 1 IMG_6518.JPG
30 0.942175 -0.168193 -0.211126 -0.198602 -0.842633 -1.24597 2.5086 1 IMG_6519.JPG
31 0.931818 -0.171546 -0.24474 -0.205889 -0.709925 -1.20229 2.60696 1 IMG_6520.JPG
32 0.922886 -0.171288 -0.269525 -0.215171 -0.678939 -1.19719 2.71505 1 IMG_6521.JPG
33 0.918755 -0.180202 -0.279361 -0.21301 -0.489807 -1.21023 2.95566 1 IMG_6522.JPG
34 0.916591 -0.183926 -0.28108 -0.216856 -0.371767 -1.21394 2.8982 1 IMG_6523.JPG
35 0.907038 -0.169662 -0.309144 -0.230057 -0.191678 -1.22172 2.59334 1 IMG_6524.JPG
36 0.907475 -0.161403 -0.312544 -0.229684 0.0928435 -1.2389 2.49769 1 IMG_6525.JPG
37 0.90037 -0.163141 -0.325305 -0.238526 0.465591 -1.19659 2.57887 1 IMG_6526.JPG
38 0.874145 -0.160431 -0.377114 -0.26061 0.519084 -1.1907 2.76216 1 IMG_6527.JPG
39 0.864705 -0.155811 -0.399795 -0.261097 0.591428 -1.20221 2.94051 1 IMG_6528.JPG
40 0.856462 -0.153554 -0.415462 -0.265114 0.801827 -1.25228 3.11974 1 IMG_6529.JPG
41 0.836252 -0.143492 -0.45056 -0.277649 0.961315 -1.29055 3.00029 1 IMG_6530.JPG
42 0.813438 -0.129649 -0.485327 -0.293202 0.918294 -1.3402 3.01628 1 IMG_6531.JPG
43 0.774227 -0.113902 -0.531914 -0.323524 0.714481 -1.41572 3.04364 1 IMG_6532.JPG
44 0.74297 -0.109775 -0.563109 -0.344751 0.826869 -1.43669 3.10413 1 IMG_6533.JPG
45 0.70579 -0.10009 -0.603786 -0.356771 0.86336 -1.43825 3.33136 1 IMG_6534.JPG
46 0.67572 -0.0935733 -0.635504 -0.361638 0.782921 -1.44238 3.56536 1 IMG_6535.JPG
47 0.649124 -0.0857404 -0.646484 -0.391593 0.755511 -1.63251 3.19628 1 IMG_6536.JPG
48 0.621079 -0.0775638 -0.662476 -0.411546 0.778554 -1.6695 3.06733 1 IMG_6537.JPG
49 0.57564 -0.0664397 -0.701343 -0.415142 0.783265 -1.63946 3.31303 1 IMG_6538.JPG
50 0.533242 -0.056768 -0.737607 -0.410325 0.787658 -1.59706 3.69056 1 IMG_6539.JPG
51 0.501989 -0.0449786 -0.754504 -0.420366 0.728923 -1.66469 3.49488 1 IMG_6540.JPG
52 -0.454537 0.0294382 0.773587 0.44056 0.551454 -1.7213 3.36542 1 IMG_6541.JPG
53 -0.386618 0.0158593 0.807805 0.444664 0.306837 -1.6671 3.47565 1 IMG_6542.JPG
54 -0.351182 0.00458845 0.828127 0.436871 0.348531 -1.60877 3.78949 1 IMG_6543.JPG
55 -0.314877 0.00127564 0.83389 0.453297 0.288769 -1.73619 3.57791 1 IMG_6544.JPG
56 -0.273165 -0.00280228 0.845668 0.458496 0.222448 -1.67842 3.49311 1 IMG_6545.JPG
57 -0.211241 -0.0206173 0.862884 0.458676 0.116666 -1.67985 3.61656 1 IMG_6546.JPG
58 -0.159127 -0.0321559 0.877706 0.450862 0.00287987 -1.55482 3.92361 1 IMG_6547.JPG
59 -0.132085 -0.0486918 0.87846 0.456609 0.148218 -1.72486 4.15164 1 IMG_6548.JPG
60 -0.0919226 -0.0476511 0.876821 0.469537 0.0408357 -1.82059 3.74963 1 IMG_6549.JPG
61 -0.0402294 -0.0485487 0.885548 0.460249 0.0434958 -1.69752 3.90914 1 IMG_6550.JPG
62 0.0214323 -0.0627316 0.88832 0.454416 -0.0719732 -1.69025 3.9165 1 IMG_6551.JPG
63 0.0547206 -0.0738824 0.889699 0.447194 -0.0380298 -1.69785 4.10338 1 IMG_6552.JPG
64 0.0439063 -0.0683323 0.892757 0.443156 0.222644 -1.68708 4.15058 1 IMG_6553.JPG
65 0.0911544 -0.0798134 0.893228 0.432972 0.257842 -1.67467 4.25812 1 IMG_6554.JPG
66 0.147179 -0.0965705 0.885893 0.429193 0.140415 -1.72387 4.20507 1 IMG_6555.JPG
67 0.171001 -0.103725 0.88208 0.426538 0.181223 -1.73852 4.15984 1 IMG_6556.JPG
68 0.28753 -0.129045 0.850619 0.420858 0.931634 -1.43774 3.90771 1 IMG_6563.JPG
69 0.226931 -0.116451 0.873116 0.415463 0.267507 -1.73477 4.04022 1 IMG_6558.JPG
70 0.260246 -0.118629 0.867029 0.407995 0.319813 -1.68262 3.99721 1 IMG_6559.JPG
71 0.300155 -0.129852 0.857937 0.396219 0.22308 -1.59055 4.02009 1 IMG_6560.JPG
72 0.273963 -0.129786 0.862528 0.405149 0.864024 -1.58998 3.99569 1 IMG_6561.JPG
73 0.292817 -0.128489 0.861805 0.393753 0.899356 -1.4212 4.01732 1 IMG_6562.JPG
74 0.198682 -0.110104 0.878929 0.419389 0.245542 -1.70057 4.12097 1 IMG_6557.JPG
75 0.291761 -0.113073 0.83999 0.443291 0.836568 -1.41068 3.59539 1 IMG_6564.JPG
76 0.218843 -0.123031 0.839429 0.482006 1.13972 -1.33641 3.34955 1 IMG_6565.JPG
77 0.139612 -0.103761 0.842608 0.509661 1.3606 -1.30194 3.06641 1 IMG_6566.JPG
78 0.147096 -0.102472 0.843597 0.506168 1.11529 -1.24763 3.17015 1 IMG_6567.JPG
79 0.148829 -0.0980265 0.851344 0.49341 1.00875 -1.06666 3.57276 1 IMG_6568.JPG
80 0.0742156 -0.0753603 0.865804 0.489076 0.792801 -0.890765 3.64735 1 IMG_6569.JPG
81 -0.00182789 -0.0596917 0.852613 0.51912 0.891076 -0.909099 3.62633 1 IMG_6570.JPG
82 -0.12642 -0.032598 0.844931 0.518697 0.775369 -0.794903 3.49874 1 IMG_6571.JPG
83 -0.157182 -0.0275605 0.837926 0.521933 0.485797 -0.793149 3.27097 1 IMG_6572.JPG
84 -0.213202 -0.0272092 0.813905 0.539781 0.513374 -0.715606 3.11406 1 IMG_6573.JPG
85 -0.277374 -0.00949958 0.789415 0.547538 0.538919 -0.689899 2.97432 1 IMG_6574.JPG
86 -0.372838 0.000396235 0.763865 0.526785 0.62824 -0.642028 3.21194 1 IMG_6575.JPG
87 0.827146 -0.0798807 -0.452721 -0.323252 -0.106112 0.0206794 2.94867 1 IMG_6583.JPG
88 -0.478596 0.00368402 0.704186 0.524455 0.32968 -0.610011 2.67457 1 IMG_6577.JPG
89 0.572352 -0.0197921 -0.661433 -0.484281 0.506682 -0.575102 3.01194 1 IMG_6578.JPG
90 0.634645 -0.0194702 -0.618415 -0.463043 0.442936 -0.369782 2.77915 1 IMG_6579.JPG
91 0.688788 -0.0210759 -0.577986 -0.437103 0.350893 -0.300027 2.77724 1 IMG_6580.JPG
92 0.737421 -0.0419644 -0.544135 -0.397952 0.308272 -0.209003 2.95423 1 IMG_6581.JPG
93 0.805015 -0.077717 -0.477555 -0.343296 0.0577933 -0.042505 2.99173 1 IMG_6582.JPG
94 -0.414059 0.0100791 0.746339 0.520992 0.487747 -0.616915 3.04485 1 IMG_6576.JPG
95 0.858384 -0.0828323 -0.406622 -0.301619 -0.352975 0.0475115 3.14611 1 IMG_6584.JPG
96 0.873001 -0.0884771 -0.379372 -0.293459 -0.584091 0.0700737 3.20691 1 IMG_6585.JPG
97 0.890437 -0.0945163 -0.357625 -0.265127 -0.892658 0.0696218 3.01926 1 IMG_6586.JPG
98 0.909725 -0.0620587 -0.3267 -0.248628 -1.1226 -0.0267117 2.69802 1 IMG_6587.JPG
99 0.992996 0.105526 0.0158928 0.0507027 -0.749227 -0.526964 2.97676 1 IMG_6596.JPG
100 0.972194 -0.0862146 -0.158507 -0.149271 -1.16809 -0.25999 3.38768 1 IMG_6589.JPG
101 0.982919 -0.0835316 -0.123273 -0.108149 -1.3431 -0.337605 3.22438 1 IMG_6590.JPG
102 0.992905 -0.0530767 -0.0794283 -0.0708065 -1.45263 -0.518516 3.06526 1 IMG_6591.JPG
103 0.998493 -0.0312373 -0.0178893 -0.0414234 -1.28835 -0.614324 3.38573 1 IMG_6592.JPG
104 0.999999 -0.000711669 -0.000688486 0.000508733 -1.08473 -0.62574 3.35831 1 IMG_6593.JPG
105 0.998634 0.033847 0.0201376 0.0343388 -0.830566 -0.606966 3.21042 1 IMG_6594.JPG
106 0.996765 0.0638246 0.0132745 0.0470016 -0.830744 -0.50431 3.13646 1 IMG_6595.JPG
107 0.947099 -0.0766457 -0.242421 -0.195858 -1.1419 -0.14217 2.91289 1 IMG_6588.JPG
108 0.990928 0.126936 0.0216958 0.0384408 -0.654714 -0.458393 3.07753 1 IMG_6597.JPG
